[[[0.06584920011241961, 0.027030272347275227, 0.06400876077047774, 0.05816010535030708, 0.058757734679924865, 0.05673652759387631, 0.06828586511583627, 0.026982950514436194, 0.017632906681898045, 0.027479372634955757, 0.023552370814618646, 0.007918353663841297, -0.01221579701582512, -0.012227113551763308, -0.024853286725232588], [0.027030272347275227, 0.04842342342342342, 0.02703006650375071, 0.020020020020020016, 0.024512012012012006, 0.03483483483483484, 0.014500611722833942, 0.017882243946073732, 0.011261261261261268, 0.01732428631162809, 0.02058308308308308, 0.006737000158052788, -0.0033426719402329143, -0.003342141646597095, -0.01502243350069437], [0.06400876077047774, 0.02703006650375071, 0.06320184532415514, 0.05354004476811494, 0.055350147718568776, 0.05346257188362452, 0.0639779455568929, 0.026505174741456937, 0.01577285787812104, 0.027016100300577325, 0.02350072744809587, 0.007667319994189794, -0.012858484039485316, -0.01284845494069048, -0.025012106247804183], [0.05816010535030708, 0.020020020020020016, 0.05354004476811494, 0.0661772883995106, 0.05560143476810144, 0.05388304971638306, 0.06820864073950493, 0.023034115675959647, 0.018449004560115678, 0.02305206049931788, 0.017691302413524634, 0.009050717384050708, -0.006351066513668135, -0.006430419693621017, -0.02369892949603094], [0.058757734679924865, 0.024512012012012006, 0.055350147718568776, 0.05560143476810144, 0.05976456456456457, 0.05223723723723724, 0.05951229006784563, 0.02246901156475625, 0.016501501501501505, 0.02152697000798267, 0.01944194194194194, 0.01196064485538169, -0.011215337288508015, -0.011244573781702493, -0.013849719284501892], [0.05673652759387631, 0.03483483483483484, 0.05346257188362452, 0.05388304971638306, 0.05223723723723724, 0.07187687687687688, 0.051587698809921034, 0.03566545268672929, 0.030280280280280302, 0.037618789675751704, 0.03672422422422423, 0.0019519519519519547, -0.014152933421226093, -0.01424196473701424, -0.03354253462949115], [0.06828586511583627, 0.014500611722833942, 0.0639779455568929, 0.06820864073950493, 0.05951229006784563, 0.051587698809921034, 0.09608579773188823, 0.019709425737794523, 0.016451636822007194, 0.02189425712632463, 0.010589292996700405, 0.00094685328603457, -0.003117209350271677, -0.003176787899010119, -0.024176789877272967], [0.026982950514436194, 0.017882243946073732, 0.026505174741456937, 0.023034115675959647, 0.02246901156475625, 0.03566545268672929, 0.019709425737794523, 0.06676906648613302, 0.046549208783251333, 0.06821924267386158, 0.020149138500202324, 0.030200693414579198, 0.012341921579077778, 0.012363229566199858, -0.031063819685466305], [0.017632906681898045, 0.011261261261261268, 0.01577285787812104, 0.018449004560115678, 0.016501501501501505, 0.030280280280280302, 0.016451636822007194, 0.046549208783251333, 0.05889222555889226, 0.05043968018651564, 0.027360694027360716, 0.0017254096201464527, 0.012258600063478106, 0.012157578370449654, -0.017845909150256984], [0.027479372634955757, 0.01732428631162809, 0.027016100300577325, 0.02305206049931788, 0.02152697000798267, 0.037618789675751704, 0.02189425712632463, 0.06821924267386158, 0.05043968018651564, 0.07148600290724949, 0.02081353505404138, 0.02314523050698933, 0.010828542342898623, 0.010831666043785349, -0.03564403949654363], [0.023552370814618646, 0.02058308308308308, 0.02350072744809587, 0.017691302413524634, 0.01944194194194194, 0.03672422422422423, 0.010589292996700405, 0.020149138500202324, 0.027360694027360716, 0.02081353505404138, 0.08917250583917251, -0.020988093356514418, -0.014935667374691756, -0.015147883031546395, -0.008830965352704482], [0.007918353663841297, 0.006737000158052788, 0.007667319994189794, 0.009050717384050708, 0.01196064485538169, 0.0019519519519519547, 0.00094685328603457, 0.030200693414579198, 0.0017254096201464527, 0.02314523050698933, -0.020988093356514418, 0.05850032858343105, 0.018187153777654425, 0.018353488976209146, 0.0003478098443773523], [-0.01221579701582512, -0.0033426719402329143, -0.012858484039485316, -0.006351066513668135, -0.011215337288508015, -0.014152933421226093, -0.003117209350271677, 0.012341921579077778, 0.012258600063478106, 0.010828542342898623, -0.014935667374691756, 0.018187153777654425, 0.04140757950097626, 0.04140364555572235, 0.014453598493895426], [-0.012227113551763308, -0.003342141646597095, -0.01284845494069048, -0.006430419693621017, -0.011244573781702493, -0.01424196473701424, -0.003176787899010119, 0.012363229566199858, 0.012157578370449654, 0.010831666043785349, -0.015147883031546395, 0.018353488976209146, 0.04140364555572235, 0.041402917720190564, 0.014325022396481722], [-0.024853286725232588, -0.01502243350069437, -0.025012106247804183, -0.02369892949603094, -0.013849719284501892, -0.03354253462949115, -0.024176789877272967, -0.031063819685466305, -0.017845909150256984, -0.03564403949654363, -0.008830965352704482, 0.0003478098443773523, 0.014453598493895426, 0.014325022396481722, 0.08012867653699408]], [[0.06584920011241961, 0.027030272347275227, 0.06400876077047774, 0.05816010535030708, 0.058757734679924865, 0.05673652759387631, 0.060848163906799195, 0.026982950514436194, 0.017632906681898045, 0.027479372634955757, 0.023552370814618646, 0.007918353663841297, -0.01221579701582512, -0.01290411448912889, -0.024853286725232588], [0.027030272347275227, 0.04842342342342342, 0.02703006650375071, 0.020020020020020016, 0.024512012012012006, 0.03483483483483484, 0.02673910673154243, 0.017882243946073732, 0.011261261261261268, 0.01732428631162809, 0.02058308308308308, 0.006737000158052788, -0.0033426719402329143, -0.0036286286286286245, -0.01502243350069437], [0.06400876077047774, 0.02703006650375071, 0.06320184532415514, 0.05354004476811494, 0.055350147718568776, 0.05346257188362452, 0.05735258524095214, 0.026505174741456937, 0.01577285787812104, 0.027016100300577325, 0.02350072744809587, 0.007667319994189794, -0.012858484039485316, -0.014474494737652622, -0.025012106247804183], [0.05816010535030708, 0.020020020020020016, 0.05354004476811494, 0.0661772883995106, 0.05560143476810144, 0.05388304971638306, 0.05856057772346224, 0.023034115675959647, 0.018449004560115678, 0.02305206049931788, 0.017691302413524634, 0.009050717384050708, -0.006351066513668135, -0.005178789901012118, -0.02369892949603094], [0.058757734679924865, 0.024512012012012006, 0.055350147718568776, 0.05560143476810144, 0.05976456456456457, 0.05223723723723724, 0.05849713556218852, 0.02246901156475625, 0.016501501501501505, 0.02152697000798267, 0.01944194194194194, 0.01196064485538169, -0.011215337288508015, -0.009527027027027018, -0.013849719284501892], [0.05673652759387631, 0.03483483483483484, 0.05346257188362452, 0.05388304971638306, 0.05223723723723724, 0.07187687687687688, 0.05623759160067783, 0.03566545268672929, 0.030280280280280302, 0.037618789675751704, 0.03672422422422423, 0.0019519519519519547, -0.014152933421226093, -0.010554304304304298, -0.03354253462949115], [0.060848163906799195, 0.02673910673154243, 0.05735258524095214, 0.05856057772346224, 0.05849713556218852, 0.05623759160067783, 0.06850329929216042, 0.030526510996141145, 0.025087114345813292, 0.03150175683640514, 0.022799842202262773, 0.007638301570939511, -0.00911711035783948, -0.009820145410160538, -0.03312384158269839], [0.026982950514436194, 0.017882243946073732, 0.026505174741456937, 0.023034115675959647, 0.02246901156475625, 0.03566545268672929, 0.030526510996141145, 0.06676906648613302, 0.046549208783251333, 0.06821924267386158, 0.020149138500202324, 0.030200693414579198, 0.012341921579077778, 0.010025983430238748, -0.031063819685466305], [0.017632906681898045, 0.011261261261261268, 0.01577285787812104, 0.018449004560115678, 0.016501501501501505, 0.030280280280280302, 0.025087114345813292, 0.046549208783251333, 0.05889222555889226, 0.05043968018651564, 0.027360694027360716, 0.0017254096201464527, 0.012258600063478106, 0.015557223890557225, -0.017845909150256984], [0.027479372634955757, 0.01732428631162809, 0.027016100300577325, 0.02305206049931788, 0.02152697000798267, 0.037618789675751704, 0.03150175683640514, 0.06821924267386158, 0.05043968018651564, 0.07148600290724949, 0.02081353505404138, 0.02314523050698933, 0.010828542342898623, 0.00969006981665209, -0.03564403949654363], [0.023552370814618646, 0.02058308308308308, 0.02350072744809587, 0.017691302413524634, 0.01944194194194194, 0.03672422422422423, 0.022799842202262773, 0.020149138500202324, 0.027360694027360716, 0.02081353505404138, 0.08917250583917251, -0.020988093356514418, -0.014935667374691756, -0.003294961628294955, -0.008830965352704482], [0.007918353663841297, 0.006737000158052788, 0.007667319994189794, 0.009050717384050708, 0.01196064485538169, 0.0019519519519519547, 0.007638301570939511, 0.030200693414579198, 0.0017254096201464527, 0.02314523050698933, -0.020988093356514418, 0.05850032858343105, 0.018187153777654425, 0.0071979874611453635, 0.0003478098443773523], [-0.01221579701582512, -0.0033426719402329143, -0.012858484039485316, -0.006351066513668135, -0.011215337288508015, -0.014152933421226093, -0.00911711035783948, 0.012341921579077778, 0.012258600063478106, 0.010828542342898623, -0.014935667374691756, 0.018187153777654425, 0.04140757950097626, 0.04082893869479235, 0.014453598493895426], [-0.01290411448912889, -0.0036286286286286245, -0.014474494737652622, -0.005178789901012118, -0.009527027027027018, -0.010554304304304298, -0.009820145410160538, 0.010025983430238748, 0.015557223890557225, 0.00969006981665209, -0.003294961628294955, 0.0071979874611453635, 0.04082893869479235, 0.04867367367367366, 0.023484452832278922], [-0.024853286725232588, -0.01502243350069437, -0.025012106247804183, -0.02369892949603094, -0.013849719284501892, -0.03354253462949115, -0.03312384158269839, -0.031063819685466305, -0.017845909150256984, -0.03564403949654363, -0.008830965352704482, 0.0003478098443773523, 0.014453598493895426, 0.023484452832278922, 0.08012867653699408]], [[0.06584920011241961, 0.027030272347275227, 0.06400876077047774, 0.05816010535030708, 0.058757734679924865, 0.05673652759387631, 0.09492345371307906, 0.026982950514436194, 0.017632906681898045, 0.027479372634955757, 0.023552370814618646, 0.007918353663841297, -0.01221579701582512, -0.005616973241252783, -0.024853286725232588], [0.027030272347275227, 0.04842342342342342, 0.02703006650375071, 0.020020020020020016, 0.024512012012012006, 0.03483483483483484, 0.046546546546546545, 0.017882243946073732, 0.011261261261261268, 0.01732428631162809, 0.02058308308308308, 0.006737000158052788, -0.0033426719402329143, -0.006099849849849845, -0.01502243350069437], [0.06400876077047774, 0.02703006650375071, 0.06320184532415514, 0.05354004476811494, 0.055350147718568776, 0.05346257188362452, 0.09220252641305275, 0.026505174741456937, 0.01577285787812104, 0.027016100300577325, 0.02350072744809587, 0.007667319994189794, -0.012858484039485316, -0.0006135943635943588, -0.025012106247804183], [0.05816010535030708, 0.020020020020020016, 0.05354004476811494, 0.0661772883995106, 0.05560143476810144, 0.05388304971638306, 0.08596096096096095, 0.023034115675959647, 0.018449004560115678, 0.02305206049931788, 0.017691302413524634, 0.009050717384050708, -0.006351066513668135, -0.01929533700367034, -0.02369892949603094], [0.058757734679924865, 0.024512012012012006, 0.055350147718568776, 0.05560143476810144, 0.05976456456456457, 0.05223723723723724, 0.08046546546546546, 0.02246901156475625, 0.016501501501501505, 0.02152697000798267, 0.01944194194194194, 0.01196064485538169, -0.011215337288508015, -0.000720720720720723, -0.013849719284501892], [0.05673652759387631, 0.03483483483483484, 0.05346257188362452, 0.05388304971638306, 0.05223723723723724, 0.07187687687687688, 0.1095720720720721, 0.03566545268672929, 0.030280280280280302, 0.037618789675751704, 0.03672422422422423, 0.0019519519519519547, -0.014152933421226093, -0.03227759009009008, -0.03354253462949115], [0.09492345371307906, 0.046546546546546545, 0.09220252641305275, 0.08596096096096095, 0.08046546546546546, 0.1095720720720721, 0.23423423423423434, 0.06283943517986071, 0.04054054054054053, 0.06609457558824648, 0.04354354354354353, 0.010510510510510506, -0.03016370028565149, -0.020223348348348352, -0.06516991299599995], [0.026982950514436194, 0.017882243946073732, 0.026505174741456937, 0.023034115675959647, 0.02246901156475625, 0.03566545268672929, 0.06283943517986071, 0.06676906648613302, 0.046549208783251333, 0.06821924267386158, 0.020149138500202324, 0.030200693414579198, 0.012341921579077778, -0.006463744329435812, -0.031063819685466305], [0.017632906681898045, 0.011261261261261268, 0.01577285787812104, 0.018449004560115678, 0.016501501501501505, 0.030280280280280302, 0.04054054054054053, 0.046549208783251333, 0.05889222555889226, 0.05043968018651564, 0.027360694027360716, 0.0017254096201464527, 0.012258600063478106, -0.039101601601601615, -0.017845909150256984], [0.027479372634955757, 0.01732428631162809, 0.027016100300577325, 0.02305206049931788, 0.02152697000798267, 0.037618789675751704, 0.06609457558824648, 0.06821924267386158, 0.05043968018651564, 0.07148600290724949, 0.02081353505404138, 0.02314523050698933, 0.010828542342898623, -0.018008514843957876, -0.03564403949654363], [0.023552370814618646, 0.02058308308308308, 0.02350072744809587, 0.017691302413524634, 0.01944194194194194, 0.03672422422422423, 0.04354354354354353, 0.020149138500202324, 0.027360694027360716, 0.02081353505404138, 0.08917250583917251, -0.020988093356514418, -0.014935667374691756, -0.03359609609609611, -0.008830965352704482], [0.007918353663841297, 0.006737000158052788, 0.007667319994189794, 0.009050717384050708, 0.01196064485538169, 0.0019519519519519547, 0.010510510510510506, 0.030200693414579198, 0.0017254096201464527, 0.02314523050698933, -0.020988093356514418, 0.05850032858343105, 0.018187153777654425, 0.05859066303145251, 0.0003478098443773523], [-0.01221579701582512, -0.0033426719402329143, -0.012858484039485316, -0.006351066513668135, -0.011215337288508015, -0.014152933421226093, -0.03016370028565149, 0.012341921579077778, 0.012258600063478106, 0.010828542342898623, -0.014935667374691756, 0.018187153777654425, 0.04140757950097626, 0.0027495101809126344, 0.014453598493895426], [-0.005616973241252783, -0.006099849849849845, -0.0006135943635943588, -0.01929533700367034, -0.000720720720720723, -0.03227759009009008, -0.020223348348348352, -0.006463744329435812, -0.039101601601601615, -0.018008514843957876, -0.03359609609609611, 0.05859066303145251, 0.0027495101809126344, 0.1637340465465465, 0.043020911227432956], [-0.024853286725232588, -0.01502243350069437, -0.025012106247804183, -0.02369892949603094, -0.013849719284501892, -0.03354253462949115, -0.06516991299599995, -0.031063819685466305, -0.017845909150256984, -0.03564403949654363, -0.008830965352704482, 0.0003478098443773523, 0.014453598493895426, 0.043020911227432956, 0.08012867653699408]], [[0.06584920011241961, 0.027030272347275227, 0.06400876077047774, 0.05816010535030708, 0.058757734679924865, 0.05673652759387631, 0.055640547861515226, 0.026982950514436194, 0.017632906681898045, 0.027479372634955757, 0.023552370814618646, 0.007918353663841297, -0.01221579701582512, -0.005616973241252783, -0.024853286725232588], [0.027030272347275227, 0.04842342342342342, 0.02703006650375071, 0.020020020020020016, 0.024512012012012006, 0.03483483483483484, 0.01739915591266943, 0.017882243946073732, 0.011261261261261268, 0.01732428631162809, 0.02058308308308308, 0.006737000158052788, -0.0033426719402329143, -0.006099849849849845, -0.01502243350069437], [0.06400876077047774, 0.02703006650375071, 0.06320184532415514, 0.05354004476811494, 0.055350147718568776, 0.05346257188362452, 0.05206673737968192, 0.026505174741456937, 0.01577285787812104, 0.027016100300577325, 0.02350072744809587, 0.007667319994189794, -0.012858484039485316, -0.0006135943635943588, -0.025012106247804183], [0.05816010535030708, 0.020020020020020016, 0.05354004476811494, 0.0661772883995106, 0.05560143476810144, 0.05388304971638306, 0.054583863142421696, 0.023034115675959647, 0.018449004560115678, 0.02305206049931788, 0.017691302413524634, 0.009050717384050708, -0.006351066513668135, -0.01929533700367034, -0.02369892949603094], [0.058757734679924865, 0.024512012012012006, 0.055350147718568776, 0.05560143476810144, 0.05976456456456457, 0.05223723723723724, 0.05277534291047804, 0.02246901156475625, 0.016501501501501505, 0.02152697000798267, 0.01944194194194194, 0.01196064485538169, -0.011215337288508015, -0.000720720720720723, -0.013849719284501892], [0.05673652759387631, 0.03483483483483484, 0.05346257188362452, 0.05388304971638306, 0.05223723723723724, 0.07187687687687688, 0.047161857803749714, 0.03566545268672929, 0.030280280280280302, 0.037618789675751704, 0.03672422422422423, 0.0019519519519519547, -0.014152933421226093, -0.03227759009009008, -0.03354253462949115], [0.055640547861515226, 0.01739915591266943, 0.05206673737968192, 0.054583863142421696, 0.05277534291047804, 0.047161857803749714, 0.06500390456197616, 0.021297749733632427, 0.02186646105565026, 0.023325283888061852, 0.02068385953521089, -0.0022487281022131695, -0.008102827613374736, -0.026348941847252654, -0.025341747580290466], [0.026982950514436194, 0.017882243946073732, 0.026505174741456937, 0.023034115675959647, 0.02246901156475625, 0.03566545268672929, 0.021297749733632427, 0.06676906648613302, 0.046549208783251333, 0.06821924267386158, 0.020149138500202324, 0.030200693414579198, 0.012341921579077778, -0.006463744329435812, -0.031063819685466305], [0.017632906681898045, 0.011261261261261268, 0.01577285787812104, 0.018449004560115678, 0.016501501501501505, 0.030280280280280302, 0.02186646105565026, 0.046549208783251333, 0.05889222555889226, 0.05043968018651564, 0.027360694027360716, 0.0017254096201464527, 0.012258600063478106, -0.039101601601601615, -0.017845909150256984], [0.027479372634955757, 0.01732428631162809, 0.027016100300577325, 0.02305206049931788, 0.02152697000798267, 0.037618789675751704, 0.023325283888061852, 0.06821924267386158, 0.05043968018651564, 0.07148600290724949, 0.02081353505404138, 0.02314523050698933, 0.010828542342898623, -0.018008514843957876, -0.03564403949654363], [0.023552370814618646, 0.02058308308308308, 0.02350072744809587, 0.017691302413524634, 0.01944194194194194, 0.03672422422422423, 0.02068385953521089, 0.020149138500202324, 0.027360694027360716, 0.02081353505404138, 0.08917250583917251, -0.020988093356514418, -0.014935667374691756, -0.03359609609609611, -0.008830965352704482], [0.007918353663841297, 0.006737000158052788, 0.007667319994189794, 0.009050717384050708, 0.01196064485538169, 0.0019519519519519547, -0.0022487281022131695, 0.030200693414579198, 0.0017254096201464527, 0.02314523050698933, -0.020988093356514418, 0.05850032858343105, 0.018187153777654425, 0.05859066303145251, 0.0003478098443773523], [-0.01221579701582512, -0.0033426719402329143, -0.012858484039485316, -0.006351066513668135, -0.011215337288508015, -0.014152933421226093, -0.008102827613374736, 0.012341921579077778, 0.012258600063478106, 0.010828542342898623, -0.014935667374691756, 0.018187153777654425, 0.04140757950097626, 0.0027495101809126344, 0.014453598493895426], [-0.005616973241252783, -0.006099849849849845, -0.0006135943635943588, -0.01929533700367034, -0.000720720720720723, -0.03227759009009008, -0.026348941847252654, -0.006463744329435812, -0.039101601601601615, -0.018008514843957876, -0.03359609609609611, 0.05859066303145251, 0.0027495101809126344, 0.1637340465465465, 0.043020911227432956], [-0.024853286725232588, -0.01502243350069437, -0.025012106247804183, -0.02369892949603094, -0.013849719284501892, -0.03354253462949115, -0.025341747580290466, -0.031063819685466305, -0.017845909150256984, -0.03564403949654363, -0.008830965352704482, 0.0003478098443773523, 0.014453598493895426, 0.043020911227432956, 0.08012867653699408]], [[0.06584920011241961, 0.027030272347275227, 0.06400876077047774, 0.05816010535030708, 0.058757734679924865, 0.05673652759387631, 0.06161417601748876, 0.026982950514436194, 0.017632906681898045, 0.027479372634955757, 0.023552370814618646, 0.007918353663841297, -0.012227113551763308, -0.01290411448912889, -0.024853286725232588], [0.027030272347275227, 0.04842342342342342, 0.02703006650375071, 0.020020020020020016, 0.024512012012012006, 0.03483483483483484, 0.0353030475270223, 0.017882243946073732, 0.011261261261261268, 0.01732428631162809, 0.02058308308308308, 0.006737000158052788, -0.003342141646597095, -0.0036286286286286245, -0.01502243350069437], [0.06400876077047774, 0.02703006650375071, 0.06320184532415514, 0.05354004476811494, 0.055350147718568776, 0.05346257188362452, 0.05851405946873321, 0.026505174741456937, 0.01577285787812104, 0.027016100300577325, 0.02350072744809587, 0.007667319994189794, -0.01284845494069048, -0.014474494737652622, -0.025012106247804183], [0.05816010535030708, 0.020020020020020016, 0.05354004476811494, 0.0661772883995106, 0.05560143476810144, 0.05388304971638306, 0.05806516295475286, 0.023034115675959647, 0.018449004560115678, 0.02305206049931788, 0.017691302413524634, 0.009050717384050708, -0.006430419693621017, -0.005178789901012118, -0.02369892949603094], [0.058757734679924865, 0.024512012012012006, 0.055350147718568776, 0.05560143476810144, 0.05976456456456457, 0.05223723723723724, 0.06008270099752749, 0.02246901156475625, 0.016501501501501505, 0.02152697000798267, 0.01944194194194194, 0.01196064485538169, -0.011244573781702493, -0.009527027027027018, -0.013849719284501892], [0.05673652759387631, 0.03483483483483484, 0.05346257188362452, 0.05388304971638306, 0.05223723723723724, 0.07187687687687688, 0.06193681852199204, 0.03566545268672929, 0.030280280280280302, 0.037618789675751704, 0.03672422422422423, 0.0019519519519519547, -0.01424196473701424, -0.010554304304304298, -0.03354253462949115], [0.06161417601748876, 0.0353030475270223, 0.05851405946873321, 0.05806516295475286, 0.06008270099752749, 0.06193681852199204, 0.07557566024661926, 0.0386642683357228, 0.026752304354828026, 0.03832504188891203, 0.02338221502259357, 0.018489060204152346, -0.00954114349537094, -0.011889649902268195, -0.03926587152482092], [0.026982950514436194, 0.017882243946073732, 0.026505174741456937, 0.023034115675959647, 0.02246901156475625, 0.03566545268672929, 0.0386642683357228, 0.06676906648613302, 0.046549208783251333, 0.06821924267386158, 0.020149138500202324, 0.030200693414579198, 0.012363229566199858, 0.010025983430238748, -0.031063819685466305], [0.017632906681898045, 0.011261261261261268, 0.01577285787812104, 0.018449004560115678, 0.016501501501501505, 0.030280280280280302, 0.026752304354828026, 0.046549208783251333, 0.05889222555889226, 0.05043968018651564, 0.027360694027360716, 0.0017254096201464527, 0.012157578370449654, 0.015557223890557225, -0.017845909150256984], [0.027479372634955757, 0.01732428631162809, 0.027016100300577325, 0.02305206049931788, 0.02152697000798267, 0.037618789675751704, 0.03832504188891203, 0.06821924267386158, 0.05043968018651564, 0.07148600290724949, 0.02081353505404138, 0.02314523050698933, 0.010831666043785349, 0.00969006981665209, -0.03564403949654363], [0.023552370814618646, 0.02058308308308308, 0.02350072744809587, 0.017691302413524634, 0.01944194194194194, 0.03672422422422423, 0.02338221502259357, 0.020149138500202324, 0.027360694027360716, 0.02081353505404138, 0.08917250583917251, -0.020988093356514418, -0.015147883031546395, -0.003294961628294955, -0.008830965352704482], [0.007918353663841297, 0.006737000158052788, 0.007667319994189794, 0.009050717384050708, 0.01196064485538169, 0.0019519519519519547, 0.018489060204152346, 0.030200693414579198, 0.0017254096201464527, 0.02314523050698933, -0.020988093356514418, 0.05850032858343105, 0.018353488976209146, 0.0071979874611453635, 0.0003478098443773523], [-0.012227113551763308, -0.003342141646597095, -0.01284845494069048, -0.006430419693621017, -0.011244573781702493, -0.01424196473701424, -0.00954114349537094, 0.012363229566199858, 0.012157578370449654, 0.010831666043785349, -0.015147883031546395, 0.018353488976209146, 0.041402917720190564, 0.0406978760939157, 0.014325022396481722], [-0.01290411448912889, -0.0036286286286286245, -0.014474494737652622, -0.005178789901012118, -0.009527027027027018, -0.010554304304304298, -0.011889649902268195, 0.010025983430238748, 0.015557223890557225, 0.00969006981665209, -0.003294961628294955, 0.0071979874611453635, 0.0406978760939157, 0.04867367367367366, 0.023484452832278922], [-0.024853286725232588, -0.01502243350069437, -0.025012106247804183, -0.02369892949603094, -0.013849719284501892, -0.03354253462949115, -0.03926587152482092, -0.031063819685466305, -0.017845909150256984, -0.03564403949654363, -0.008830965352704482, 0.0003478098443773523, 0.014325022396481722, 0.023484452832278922, 0.08012867653699408]], [[0.06584920011241961, 0.027030272347275227, 0.06400876077047774, 0.05816010535030708, 0.058757734679924865, 0.05673652759387631, 0.0548398359315793, 0.026982950514436194, 0.017632906681898045, 0.027479372634955757, 0.023552370814618646, 0.007918353663841297, -0.012227113551763308, -0.005616973241252783, -0.024853286725232588], [0.027030272347275227, 0.04842342342342342, 0.02703006650375071, 0.020020020020020016, 0.024512012012012006, 0.03483483483483484, 0.026502782570743733, 0.017882243946073732, 0.011261261261261268, 0.01732428631162809, 0.02058308308308308, 0.006737000158052788, -0.003342141646597095, -0.006099849849849845, -0.01502243350069437], [0.06400876077047774, 0.02703006650375071, 0.06320184532415514, 0.05354004476811494, 0.055350147718568776, 0.05346257188362452, 0.05236800293008775, 0.026505174741456937, 0.01577285787812104, 0.027016100300577325, 0.02350072744809587, 0.007667319994189794, -0.01284845494069048, -0.0006135943635943588, -0.025012106247804183], [0.05816010535030708, 0.020020020020020016, 0.05354004476811494, 0.0661772883995106, 0.05560143476810144, 0.05388304971638306, 0.04987121572882089, 0.023034115675959647, 0.018449004560115678, 0.02305206049931788, 0.017691302413524634, 0.009050717384050708, -0.006430419693621017, -0.01929533700367034, -0.02369892949603094], [0.058757734679924865, 0.024512012012012006, 0.055350147718568776, 0.05560143476810144, 0.05976456456456457, 0.05223723723723724, 0.055289994319120524, 0.02246901156475625, 0.016501501501501505, 0.02152697000798267, 0.01944194194194194, 0.01196064485538169, -0.011244573781702493, -0.000720720720720723, -0.013849719284501892], [0.05673652759387631, 0.03483483483483484, 0.05346257188362452, 0.05388304971638306, 0.05223723723723724, 0.07187687687687688, 0.05007075698823271, 0.03566545268672929, 0.030280280280280302, 0.037618789675751704, 0.03672422422422423, 0.0019519519519519547, -0.01424196473701424, -0.03227759009009008, -0.03354253462949115], [0.0548398359315793, 0.026502782570743733, 0.05236800293008775, 0.04987121572882089, 0.055289994319120524, 0.05007075698823271, 0.06269418072718297, 0.02596482512822112, 0.019977096837938264, 0.024791309570712294, 0.027875698587672693, 0.01211536942247212, -0.014313591881360797, 0.010011100575420963, -0.015362272605451541], [0.026982950514436194, 0.017882243946073732, 0.026505174741456937, 0.023034115675959647, 0.02246901156475625, 0.03566545268672929, 0.02596482512822112, 0.06676906648613302, 0.046549208783251333, 0.06821924267386158, 0.020149138500202324, 0.030200693414579198, 0.012363229566199858, -0.006463744329435812, -0.031063819685466305], [0.017632906681898045, 0.011261261261261268, 0.01577285787812104, 0.018449004560115678, 0.016501501501501505, 0.030280280280280302, 0.019977096837938264, 0.046549208783251333, 0.05889222555889226, 0.05043968018651564, 0.027360694027360716, 0.0017254096201464527, 0.012157578370449654, -0.039101601601601615, -0.017845909150256984], [0.027479372634955757, 0.01732428631162809, 0.027016100300577325, 0.02305206049931788, 0.02152697000798267, 0.037618789675751704, 0.024791309570712294, 0.06821924267386158, 0.05043968018651564, 0.07148600290724949, 0.02081353505404138, 0.02314523050698933, 0.010831666043785349, -0.018008514843957876, -0.03564403949654363], [0.023552370814618646, 0.02058308308308308, 0.02350072744809587, 0.017691302413524634, 0.01944194194194194, 0.03672422422422423, 0.027875698587672693, 0.020149138500202324, 0.027360694027360716, 0.02081353505404138, 0.08917250583917251, -0.020988093356514418, -0.015147883031546395, -0.03359609609609611, -0.008830965352704482], [0.007918353663841297, 0.006737000158052788, 0.007667319994189794, 0.009050717384050708, 0.01196064485538169, 0.0019519519519519547, 0.01211536942247212, 0.030200693414579198, 0.0017254096201464527, 0.02314523050698933, -0.020988093356514418, 0.05850032858343105, 0.018353488976209146, 0.05859066303145251, 0.0003478098443773523], [-0.012227113551763308, -0.003342141646597095, -0.01284845494069048, -0.006430419693621017, -0.011244573781702493, -0.01424196473701424, -0.014313591881360797, 0.012363229566199858, 0.012157578370449654, 0.010831666043785349, -0.015147883031546395, 0.018353488976209146, 0.041402917720190564, 0.003058751821128068, 0.014325022396481722], [-0.005616973241252783, -0.006099849849849845, -0.0006135943635943588, -0.01929533700367034, -0.000720720720720723, -0.03227759009009008, 0.010011100575420963, -0.006463744329435812, -0.039101601601601615, -0.018008514843957876, -0.03359609609609611, 0.05859066303145251, 0.003058751821128068, 0.1637340465465465, 0.043020911227432956], [-0.024853286725232588, -0.01502243350069437, -0.025012106247804183, -0.02369892949603094, -0.013849719284501892, -0.03354253462949115, -0.015362272605451541, -0.031063819685466305, -0.017845909150256984, -0.03564403949654363, -0.008830965352704482, 0.0003478098443773523, 0.014325022396481722, 0.043020911227432956, 0.08012867653699408]], [[0.06584920011241961, 0.027030272347275227, 0.06400876077047774, 0.05816010535030708, 0.058757734679924865, 0.05673652759387631, 0.054592458280854954, 0.026982950514436194, 0.017632906681898045, 0.027479372634955757, 0.023552370814618646, 0.007918353663841297, -0.012227113551763308, -0.005616973241252783, -0.024853286725232588], [0.027030272347275227, 0.04842342342342342, 0.02703006650375071, 0.020020020020020016, 0.024512012012012006, 0.03483483483483484, 0.02814027926843812, 0.017882243946073732, 0.011261261261261268, 0.01732428631162809, 0.02058308308308308, 0.006737000158052788, -0.003342141646597095, -0.006099849849849845, -0.01502243350069437], [0.06400876077047774, 0.02703006650375071, 0.06320184532415514, 0.05354004476811494, 0.055350147718568776, 0.05346257188362452, 0.05193239871655224, 0.026505174741456937, 0.01577285787812104, 0.027016100300577325, 0.02350072744809587, 0.007667319994189794, -0.01284845494069048, -0.0006135943635943588, -0.025012106247804183], [0.05816010535030708, 0.020020020020020016, 0.05354004476811494, 0.0661772883995106, 0.05560143476810144, 0.05388304971638306, 0.05017916532657809, 0.023034115675959647, 0.018449004560115678, 0.02305206049931788, 0.017691302413524634, 0.009050717384050708, -0.006430419693621017, -0.01929533700367034, -0.02369892949603094], [0.058757734679924865, 0.024512012012012006, 0.055350147718568776, 0.05560143476810144, 0.05976456456456457, 0.05223723723723724, 0.055545726231646816, 0.02246901156475625, 0.016501501501501505, 0.02152697000798267, 0.01944194194194194, 0.01196064485538169, -0.011244573781702493, -0.000720720720720723, -0.013849719284501892], [0.05673652759387631, 0.03483483483483484, 0.05346257188362452, 0.05388304971638306, 0.05223723723723724, 0.07187687687687688, 0.05220010172627501, 0.03566545268672929, 0.030280280280280302, 0.037618789675751704, 0.03672422422422423, 0.0019519519519519547, -0.01424196473701424, -0.03227759009009008, -0.03354253462949115], [0.054592458280854954, 0.02814027926843812, 0.05193239871655224, 0.05017916532657809, 0.055545726231646816, 0.05220010172627501, 0.06514368091368533, 0.027546744647712465, 0.021002952410894653, 0.026234518345974733, 0.030445005775932368, 0.013074303640520618, -0.01346426648795559, 0.010084881813221168, -0.012180542866463443], [0.026982950514436194, 0.017882243946073732, 0.026505174741456937, 0.023034115675959647, 0.02246901156475625, 0.03566545268672929, 0.027546744647712465, 0.06676906648613302, 0.046549208783251333, 0.06821924267386158, 0.020149138500202324, 0.030200693414579198, 0.012363229566199858, -0.006463744329435812, -0.031063819685466305], [0.017632906681898045, 0.011261261261261268, 0.01577285787812104, 0.018449004560115678, 0.016501501501501505, 0.030280280280280302, 0.021002952410894653, 0.046549208783251333, 0.05889222555889226, 0.05043968018651564, 0.027360694027360716, 0.0017254096201464527, 0.012157578370449654, -0.039101601601601615, -0.017845909150256984], [0.027479372634955757, 0.01732428631162809, 0.027016100300577325, 0.02305206049931788, 0.02152697000798267, 0.037618789675751704, 0.026234518345974733, 0.06821924267386158, 0.05043968018651564, 0.07148600290724949, 0.02081353505404138, 0.02314523050698933, 0.010831666043785349, -0.018008514843957876, -0.03564403949654363], [0.023552370814618646, 0.02058308308308308, 0.02350072744809587, 0.017691302413524634, 0.01944194194194194, 0.03672422422422423, 0.030445005775932368, 0.020149138500202324, 0.027360694027360716, 0.02081353505404138, 0.08917250583917251, -0.020988093356514418, -0.015147883031546395, -0.03359609609609611, -0.008830965352704482], [0.007918353663841297, 0.006737000158052788, 0.007667319994189794, 0.009050717384050708, 0.01196064485538169, 0.0019519519519519547, 0.013074303640520618, 0.030200693414579198, 0.0017254096201464527, 0.02314523050698933, -0.020988093356514418, 0.05850032858343105, 0.018353488976209146, 0.05859066303145251, 0.0003478098443773523], [-0.012227113551763308, -0.003342141646597095, -0.01284845494069048, -0.006430419693621017, -0.011244573781702493, -0.01424196473701424, -0.01346426648795559, 0.012363229566199858, 0.012157578370449654, 0.010831666043785349, -0.015147883031546395, 0.018353488976209146, 0.041402917720190564, 0.003058751821128068, 0.014325022396481722], [-0.005616973241252783, -0.006099849849849845, -0.0006135943635943588, -0.01929533700367034, -0.000720720720720723, -0.03227759009009008, 0.010084881813221168, -0.006463744329435812, -0.039101601601601615, -0.018008514843957876, -0.03359609609609611, 0.05859066303145251, 0.003058751821128068, 0.1637340465465465, 0.043020911227432956], [-0.024853286725232588, -0.01502243350069437, -0.025012106247804183, -0.02369892949603094, -0.013849719284501892, -0.03354253462949115, -0.012180542866463443, -0.031063819685466305, -0.017845909150256984, -0.03564403949654363, -0.008830965352704482, 0.0003478098443773523, 0.014325022396481722, 0.043020911227432956, 0.08012867653699408]], [[0.06584920011241961, 0.027030272347275227, 0.06400876077047774, 0.05816010535030708, 0.058757734679924865, 0.05673652759387631, 0.05420501295861526, 0.026982950514436194, 0.017632906681898045, 0.027479372634955757, 0.023552370814618646, 0.007918353663841297, -0.01290411448912889, -0.005616973241252783, -0.024853286725232588], [0.027030272347275227, 0.04842342342342342, 0.02703006650375071, 0.020020020020020016, 0.024512012012012006, 0.03483483483483484, 0.02591530022085577, 0.017882243946073732, 0.011261261261261268, 0.01732428631162809, 0.02058308308308308, 0.006737000158052788, -0.0036286286286286245, -0.006099849849849845, -0.01502243350069437], [0.06400876077047774, 0.02703006650375071, 0.06320184532415514, 0.05354004476811494, 0.055350147718568776, 0.05346257188362452, 0.052532779871961144, 0.026505174741456937, 0.01577285787812104, 0.027016100300577325, 0.02350072744809587, 0.007667319994189794, -0.014474494737652622, -0.0006135943635943588, -0.025012106247804183], [0.05816010535030708, 0.020020020020020016, 0.05354004476811494, 0.0661772883995106, 0.05560143476810144, 0.05388304971638306, 0.04651725137836249, 0.023034115675959647, 0.018449004560115678, 0.02305206049931788, 0.017691302413524634, 0.009050717384050708, -0.005178789901012118, -0.01929533700367034, -0.02369892949603094], [0.058757734679924865, 0.024512012012012006, 0.055350147718568776, 0.05560143476810144, 0.05976456456456457, 0.05223723723723724, 0.05325353130908687, 0.02246901156475625, 0.016501501501501505, 0.02152697000798267, 0.01944194194194194, 0.01196064485538169, -0.009527027027027018, -0.000720720720720723, -0.013849719284501892], [0.05673652759387631, 0.03483483483483484, 0.05346257188362452, 0.05388304971638306, 0.05223723723723724, 0.07187687687687688, 0.04898455002621668, 0.03566545268672929, 0.030280280280280302, 0.037618789675751704, 0.03672422422422423, 0.0019519519519519547, -0.010554304304304298, -0.03227759009009008, -0.03354253462949115], [0.05420501295861526, 0.02591530022085577, 0.052532779871961144, 0.04651725137836249, 0.05325353130908687, 0.04898455002621668, 0.06223534780266114, 0.028627707410213313, 0.020650279909539167, 0.027741298662536357, 0.02691729427840539, 0.012850465335845444, -0.016093143407958206, 0.01521306773042884, -0.018893077467956692], [0.026982950514436194, 0.017882243946073732, 0.026505174741456937, 0.023034115675959647, 0.02246901156475625, 0.03566545268672929, 0.028627707410213313, 0.06676906648613302, 0.046549208783251333, 0.06821924267386158, 0.020149138500202324, 0.030200693414579198, 0.010025983430238748, -0.006463744329435812, -0.031063819685466305], [0.017632906681898045, 0.011261261261261268, 0.01577285787812104, 0.018449004560115678, 0.016501501501501505, 0.030280280280280302, 0.020650279909539167, 0.046549208783251333, 0.05889222555889226, 0.05043968018651564, 0.027360694027360716, 0.0017254096201464527, 0.015557223890557225, -0.039101601601601615, -0.017845909150256984], [0.027479372634955757, 0.01732428631162809, 0.027016100300577325, 0.02305206049931788, 0.02152697000798267, 0.037618789675751704, 0.027741298662536357, 0.06821924267386158, 0.05043968018651564, 0.07148600290724949, 0.02081353505404138, 0.02314523050698933, 0.00969006981665209, -0.018008514843957876, -0.03564403949654363], [0.023552370814618646, 0.02058308308308308, 0.02350072744809587, 0.017691302413524634, 0.01944194194194194, 0.03672422422422423, 0.02691729427840539, 0.020149138500202324, 0.027360694027360716, 0.02081353505404138, 0.08917250583917251, -0.020988093356514418, -0.003294961628294955, -0.03359609609609611, -0.008830965352704482], [0.007918353663841297, 0.006737000158052788, 0.007667319994189794, 0.009050717384050708, 0.01196064485538169, 0.0019519519519519547, 0.012850465335845444, 0.030200693414579198, 0.0017254096201464527, 0.02314523050698933, -0.020988093356514418, 0.05850032858343105, 0.0071979874611453635, 0.05859066303145251, 0.0003478098443773523], [-0.01290411448912889, -0.0036286286286286245, -0.014474494737652622, -0.005178789901012118, -0.009527027027027018, -0.010554304304304298, -0.016093143407958206, 0.010025983430238748, 0.015557223890557225, 0.00969006981665209, -0.003294961628294955, 0.0071979874611453635, 0.04867367367367366, -0.012606356356356332, 0.023484452832278922], [-0.005616973241252783, -0.006099849849849845, -0.0006135943635943588, -0.01929533700367034, -0.000720720720720723, -0.03227759009009008, 0.01521306773042884, -0.006463744329435812, -0.039101601601601615, -0.018008514843957876, -0.03359609609609611, 0.05859066303145251, -0.012606356356356332, 0.1637340465465465, 0.043020911227432956], [-0.024853286725232588, -0.01502243350069437, -0.025012106247804183, -0.02369892949603094, -0.013849719284501892, -0.03354253462949115, -0.018893077467956692, -0.031063819685466305, -0.017845909150256984, -0.03564403949654363, -0.008830965352704482, 0.0003478098443773523, 0.023484452832278922, 0.043020911227432956, 0.08012867653699408]], [[0.06584920011241961, 0.027030272347275227, 0.06400876077047774, 0.05816010535030708, 0.058757734679924865, 0.05673652759387631, 0.04613199014792503, 0.026982950514436194, 0.017632906681898045, 0.027479372634955757, 0.023552370814618646, 0.007918353663841297, -0.01290411448912889, -0.005616973241252783, -0.024853286725232588], [0.027030272347275227, 0.04842342342342342, 0.027030066503