[[[0.06584920011241961, 0.027030272347275227, 0.06400876077047774, 0.05816010535030708, 0.058757734679924865, 0.05673652759387631, 0.06828586511583627, -0.024853286725232588], [0.027030272347275227, 0.04842342342342342, 0.02703006650375071, 0.020020020020020016, 0.024512012012012006, 0.03483483483483484, 0.014500611722833942, -0.01502243350069437], [0.06400876077047774, 0.02703006650375071, 0.06320184532415514, 0.05354004476811494, 0.055350147718568776, 0.05346257188362452, 0.0639779455568929, -0.025012106247804183], [0.05816010535030708, 0.020020020020020016, 0.05354004476811494, 0.0661772883995106, 0.05560143476810144, 0.05388304971638306, 0.06820864073950493, -0.02369892949603094], [0.058757734679924865, 0.024512012012012006, 0.055350147718568776, 0.05560143476810144, 0.05976456456456457, 0.05223723723723724, 0.05951229006784563, -0.013849719284501892], [0.05673652759387631, 0.03483483483483484, 0.05346257188362452, 0.05388304971638306, 0.05223723723723724, 0.07187687687687688, 0.051587698809921034, -0.03354253462949115], [0.06828586511583627, 0.014500611722833942, 0.0639779455568929, 0.06820864073950493, 0.05951229006784563, 0.051587698809921034, 0.09608579773188823, -0.024176789877272967], [-0.024853286725232588, -0.01502243350069437, -0.025012106247804183, -0.02369892949603094, -0.013849719284501892, -0.03354253462949115, -0.024176789877272967, 0.08012867653699408]], [[0.06584920011241961, 0.027030272347275227, 0.06400876077047774, 0.05816010535030708, 0.058757734679924865, 0.05673652759387631, 0.060848163906799195, -0.024853286725232588], [0.027030272347275227, 0.04842342342342342, 0.02703006650375071, 0.020020020020020016, 0.024512012012012006, 0.03483483483483484, 0.02673910673154243, -0.01502243350069437], [0.06400876077047774, 0.02703006650375071, 0.06320184532415514, 0.05354004476811494, 0.055350147718568776, 0.05346257188362452, 0.05735258524095214, -0.025012106247804183], [0.05816010535030708, 0.020020020020020016, 0.05354004476811494, 0.0661772883995106, 0.05560143476810144, 0.05388304971638306, 0.05856057772346224, -0.02369892949603094], [0.058757734679924865, 0.024512012012012006, 0.055350147718568776, 0.05560143476810144, 0.05976456456456457, 0.05223723723723724, 0.05849713556218852, -0.013849719284501892], [0.05673652759387631, 0.03483483483483484, 0.05346257188362452, 0.05388304971638306, 0.05223723723723724, 0.07187687687687688, 0.05623759160067783, -0.03354253462949115], [0.060848163906799195, 0.02673910673154243, 0.05735258524095214, 0.05856057772346224, 0.05849713556218852, 0.05623759160067783, 0.06850329929216042, -0.03312384158269839], [-0.024853286725232588, -0.01502243350069437, -0.025012106247804183, -0.02369892949603094, -0.013849719284501892, -0.03354253462949115, -0.03312384158269839, 0.08012867653699408]], [[0.06584920011241961, 0.027030272347275227, 0.06400876077047774, 0.05816010535030708, 0.058757734679924865, 0.05673652759387631, 0.09492345371307906, -0.024853286725232588], [0.027030272347275227, 0.04842342342342342, 0.02703006650375071, 0.020020020020020016, 0.024512012012012006, 0.03483483483483484, 0.046546546546546545, -0.01502243350069437], [0.06400876077047774, 0.02703006650375071, 0.06320184532415514, 0.05354004476811494, 0.055350147718568776, 0.05346257188362452, 0.09220252641305275, -0.025012106247804183], [0.05816010535030708, 0.020020020020020016, 0.05354004476811494, 0.0661772883995106, 0.05560143476810144, 0.05388304971638306, 0.08596096096096095, -0.02369892949603094], [0.058757734679924865, 0.024512012012012006, 0.055350147718568776, 0.05560143476810144, 0.05976456456456457, 0.05223723723723724, 0.08046546546546546, -0.013849719284501892], [0.05673652759387631, 0.03483483483483484, 0.05346257188362452, 0.05388304971638306, 0.05223723723723724, 0.07187687687687688, 0.1095720720720721, -0.03354253462949115], [0.09492345371307906, 0.046546546546546545, 0.09220252641305275, 0.08596096096096095, 0.08046546546546546, 0.1095720720720721, 0.23423423423423434, -0.06516991299599995], [-0.024853286725232588, -0.01502243350069437, -0.025012106247804183, -0.02369892949603094, -0.013849719284501892, -0.03354253462949115, -0.06516991299599995, 0.08012867653699408]], [[0.06584920011241961, 0.027030272347275227, 0.06400876077047774, 0.05816010535030708, 0.058757734679924865, 0.05673652759387631, 0.055640547861515226, -0.024853286725232588], [0.027030272347275227, 0.04842342342342342, 0.02703006650375071, 0.020020020020020016, 0.024512012012012006, 0.03483483483483484, 0.01739915591266943, -0.01502243350069437], [0.06400876077047774, 0.02703006650375071, 0.06320184532415514, 0.05354004476811494, 0.055350147718568776, 0.05346257188362452, 0.05206673737968192, -0.025012106247804183], [0.05816010535030708, 0.020020020020020016, 0.05354004476811494, 0.0661772883995106, 0.05560143476810144, 0.05388304971638306, 0.054583863142421696, -0.02369892949603094], [0.058757734679924865, 0.024512012012012006, 0.055350147718568776, 0.05560143476810144, 0.05976456456456457, 0.05223723723723724, 0.05277534291047804, -0.013849719284501892], [0.05673652759387631, 0.03483483483483484, 0.05346257188362452, 0.05388304971638306, 0.05223723723723724, 0.07187687687687688, 0.047161857803749714, -0.03354253462949115], [0.055640547861515226, 0.01739915591266943, 0.05206673737968192, 0.054583863142421696, 0.05277534291047804, 0.047161857803749714, 0.06500390456197616, -0.025341747580290466], [-0.024853286725232588, -0.01502243350069437, -0.025012106247804183, -0.02369892949603094, -0.013849719284501892, -0.03354253462949115, -0.025341747580290466, 0.08012867653699408]], [[0.06584920011241961, 0.027030272347275227, 0.06400876077047774, 0.05816010535030708, 0.058757734679924865, 0.05673652759387631, 0.06161417601748876, -0.024853286725232588], [0.027030272347275227, 0.04842342342342342, 0.02703006650375071, 0.020020020020020016, 0.024512012012012006, 0.03483483483483484, 0.0353030475270223, -0.01502243350069437], [0.06400876077047774, 0.02703006650375071, 0.06320184532415514, 0.05354004476811494, 0.055350147718568776, 0.05346257188362452, 0.05851405946873321, -0.025012106247804183], [0.05816010535030708, 0.020020020020020016, 0.05354004476811494, 0.0661772883995106, 0.05560143476810144, 0.05388304971638306, 0.05806516295475286, -0.02369892949603094], [0.058757734679924865, 0.024512012012012006, 0.055350147718568776, 0.05560143476810144, 0.05976456456456457, 0.05223723723723724, 0.06008270099752749, -0.013849719284501892], [0.05673652759387631, 0.03483483483483484, 0.05346257188362452, 0.05388304971638306, 0.05223723723723724, 0.07187687687687688, 0.06193681852199204, -0.03354253462949115], [0.06161417601748876, 0.0353030475270223, 0.05851405946873321, 0.05806516295475286, 0.06008270099752749, 0.06193681852199204, 0.07557566024661926, -0.03926587152482092], [-0.024853286725232588, -0.01502243350069437, -0.025012106247804183, -0.02369892949603094, -0.013849719284501892, -0.03354253462949115, -0.03926587152482092, 0.08012867653699408]], [[0.06584920011241961, 0.027030272347275227, 0.06400876077047774, 0.05816010535030708, 0.058757734679924865, 0.05673652759387631, 0.0548398359315793, -0.024853286725232588], [0.027030272347275227, 0.04842342342342342, 0.02703006650375071, 0.020020020020020016, 0.024512012012012006, 0.03483483483483484, 0.026502782570743733, -0.01502243350069437], [0.06400876077047774, 0.02703006650375071, 0.06320184532415514, 0.05354004476811494, 0.055350147718568776, 0.05346257188362452, 0.05236800293008775, -0.025012106247804183], [0.05816010535030708, 0.020020020020020016, 0.05354004476811494, 0.0661772883995106, 0.05560143476810144, 0.05388304971638306, 0.04987121572882089, -0.02369892949603094], [0.058757734679924865, 0.024512012012012006, 0.055350147718568776, 0.05560143476810144, 0.05976456456456457, 0.05223723723723724, 0.055289994319120524, -0.013849719284501892], [0.05673652759387631, 0.03483483483483484, 0.05346257188362452, 0.05388304971638306, 0.05223723723723724, 0.07187687687687688, 0.05007075698823271, -0.03354253462949115], [0.0548398359315793, 0.026502782570743733, 0.05236800293008775, 0.04987121572882089, 0.055289994319120524, 0.05007075698823271, 0.06269418072718297, -0.015362272605451541], [-0.024853286725232588, -0.01502243350069437, -0.025012106247804183, -0.02369892949603094, -0.013849719284501892, -0.03354253462949115, -0.015362272605451541, 0.08012867653699408]], [[0.06584920011241961, 0.027030272347275227, 0.06400876077047774, 0.05816010535030708, 0.058757734679924865, 0.05673652759387631, 0.054592458280854954, -0.024853286725232588], [0.027030272347275227, 0.04842342342342342, 0.02703006650375071, 0.020020020020020016, 0.024512012012012006, 0.03483483483483484, 0.02814027926843812, -0.01502243350069437], [0.06400876077047774, 0.02703006650375071, 0.06320184532415514, 0.05354004476811494, 0.055350147718568776, 0.05346257188362452, 0.05193239871655224, -0.025012106247804183], [0.05816010535030708, 0.020020020020020016, 0.05354004476811494, 0.0661772883995106, 0.05560143476810144, 0.05388304971638306, 0.05017916532657809, -0.02369892949603094], [0.058757734679924865, 0.024512012012012006, 0.055350147718568776, 0.05560143476810144, 0.05976456456456457, 0.05223723723723724, 0.055545726231646816, -0.013849719284501892], [0.05673652759387631, 0.03483483483483484, 0.05346257188362452, 0.05388304971638306, 0.05223723723723724, 0.07187687687687688, 0.05220010172627501, -0.03354253462949115], [0.054592458280854954, 0.02814027926843812, 0.05193239871655224, 0.05017916532657809, 0.055545726231646816, 0.05220010172627501, 0.06514368091368533, -0.012180542866463443], [-0.024853286725232588, -0.01502243350069437, -0.025012106247804183, -0.02369892949603094, -0.013849719284501892, -0.03354253462949115, -0.012180542866463443, 0.08012867653699408]], [[0.06584920011241961, 0.027030272347275227, 0.06400876077047774, 0.05816010535030708, 0.058757734679924865, 0.05673652759387631, 0.05420501295861526, -0.024853286725232588], [0.027030272347275227, 0.04842342342342342, 0.02703006650375071, 0.020020020020020016, 0.024512012012012006, 0.03483483483483484, 0.02591530022085577, -0.01502243350069437], [0.06400876077047774, 0.02703006650375071, 0.06320184532415514, 0.05354004476811494, 0.055350147718568776, 0.05346257188362452, 0.052532779871961144, -0.025012106247804183], [0.05816010535030708, 0.020020020020020016, 0.05354004476811494, 0.0661772883995106, 0.05560143476810144, 0.05388304971638306, 0.04651725137836249, -0.02369892949603094], [0.058757734679924865, 0.024512012012012006, 0.055350147718568776, 0.05560143476810144, 0.05976456456456457, 0.05223723723723724, 0.05325353130908687, -0.013849719284501892], [0.05673652759387631, 0.03483483483483484, 0.05346257188362452, 0.05388304971638306, 0.05223723723723724, 0.07187687687687688, 0.04898455002621668, -0.03354253462949115], [0.05420501295861526, 0.02591530022085577, 0.052532779871961144, 0.04651725137836249, 0.05325353130908687, 0.04898455002621668, 0.06223534780266114, -0.018893077467956692], [-0.024853286725232588, -0.01502243350069437, -0.025012106247804183, -0.02369892949603094, -0.013849719284501892, -0.03354253462949115, -0.018893077467956692, 0.08012867653699408]], [[0.06584920011241961, 0.027030272347275227, 0.06400876077047774, 0.05816010535030708, 0.058757734679924865, 0.05673652759387631, 0.04613199014792503, -0.024853286725232588], [0.027030272347275227, 0.04842342342342342, 0.02703006650375071, 0.020020020020020016, 0.024512012012012006, 0.03483483483483484, 0.02087348043230396, -0.01502243350069437], [0.06400876077047774, 0.02703006650375071, 0.06320184532415514, 0.05354004476811494, 0.055350147718568776, 0.05346257188362452, 0.04385029501128571, -0.025012106247804183], [0.05816010535030708, 0.020020020020020016, 0.05354004476811494, 0.0661772883995106, 0.05560143476810144, 0.05388304971638306, 0.04276491286295208, -0.02369892949603094], [0.058757734679924865, 0.024512012012012006, 0.055350147718568776, 0.05560143476810144, 0.05976456456456457, 0.05223723723723724, 0.04798168489344958, -0.013849719284501892], [0.05673652759387631, 0.03483483483483484, 0.05346257188362452, 0.05388304971638306, 0.05223723723723724, 0.07187687687687688, 0.03739606919753978, -0.03354253462949115], [0.04613199014792503, 0.02087348043230396, 0.04385029501128571, 0.04276491286295208, 0.04798168489344958, 0.03739606919753978, 0.050777962218273645, -0.01194535275272313], [-0.024853286725232588, -0.01502243350069437, -0.025012106247804183, -0.02369892949603094, -0.013849719284501892, -0.03354253462949115, -0.01194535275272313, 0.08012867653699408]], [[0.06584920011241961, 0.027030272347275227, 0.06400876077047774, 0.05816010535030708, 0.058757734679924865, 0.05673652759387631, 0.05796533893762192, -0.024853286725232588], [0.027030272347275227, 0.04842342342342342, 0.02703006650375071, 0.020020020020020016, 0.024512012012012006, 0.03483483483483484, 0.025016508655252113, -0.01502243350069437], [0.06400876077047774, 0.02703006650375071, 0.06320184532415514, 0.05354004476811494, 0.055350147718568776, 0.05346257188362452, 0.054947501075911113, -0.025012106247804183], [0.05816010535030708, 0.020020020020020016, 0.05354004476811494, 0.0661772883995106, 0.05560143476810144, 0.05388304971638306, 0.054037021314508216, -0.02369892949603094], [0.058757734679924865, 0.024512012012012006, 0.055350147718568776, 0.05560143476810144, 0.05976456456456457, 0.05223723723723724, 0.05944373693064792, -0.013849719284501892], [0.05673652759387631, 0.03483483483483484, 0.05346257188362452, 0.05388304971638306, 0.05223723723723724, 0.07187687687687688, 0.05154041476031006, -0.03354253462949115], [0.05796533893762192, 0.025016508655252113, 0.054947501075911113, 0.054037021314508216, 0.05944373693064792, 0.05154041476031006, 0.0765215477257362, -0.016708371761865955], [-0.024853286725232588, -0.01502243350069437, -0.025012106247804183, -0.02369892949603094, -0.013849719284501892, -0.03354253462949115, -0.016708371761865955, 0.08012867653699408]], [[0.06584920011241961, 0.027030272347275227, 0.06400876077047774, 0.05816010535030708, 0.058757734679924865, 0.05673652759387631, 0.057196759078963696, -0.024853286725232588], [0.027030272347275227, 0.04842342342342342, 0.02703006650375071, 0.020020020020020016, 0.024512012012012006, 0.03483483483483484, 0.037695508008008, -0.01502243350069437], [0.06400876077047774, 0.02703006650375071, 0.06320184532415514, 0.05354004476811494, 0.055350147718568776, 0.05346257188362452, 0.05467328411407358, -0.025012106247804183], [0.05816010535030708, 0.020020020020020016, 0.05354004476811494, 0.0661772883995106, 0.05560143476810144, 0.05388304971638306, 0.051991748693137566, -0.02369892949603094], [0.058757734679924865, 0.024512012012012006, 0.055350147718568776, 0.05560143476810144, 0.05976456456456457, 0.05223723723723724, 0.05554072822822823, -0.013849719284501892], [0.05673652759387631, 0.03483483483483484, 0.05346257188362452, 0.05388304971638306, 0.05223723723723724, 0.07187687687687688, 0.06319288038038037, -0.03354253462949115], [0.057196759078963696, 0.037695508008008, 0.05467328411407358, 0.051991748693137566, 0.05554072822822823, 0.06319288038038037, 0.07737881110276942, -0.03273675107914238], [-0.024853286725232588, -0.01502243350069437, -0.025012106247804183, -0.02369892949603094, -0.013849719284501892, -0.03354253462949115, -0.03273675107914238, 0.08012867653699408]], [[0.06584920011241961, 0.027030272347275227, 0.06400876077047774, 0.05816010535030708, 0.058757734679924865, 0.05673652759387631, 0.04592881231930224, -0.024853286725232588], [0.027030272347275227, 0.04842342342342342, 0.02703006650375071, 0.020020020020020016, 0.024512012012012006, 0.03483483483483484, 0.03602159852159852, -0.01502243350069437], [0.06400876077047774, 0.02703006650375071, 0.06320184532415514, 0.05354004476811494, 0.055350147718568776, 0.05346257188362452, 0.044230582186047786, -0.025012106247804183], [0.05816010535030708, 0.020020020020020016, 0.05354004476811494, 0.0661772883995106, 0.05560143476810144, 0.05388304971638306, 0.04121348913015579, -0.02369892949603094], [0.058757734679924865, 0.024512012012012006, 0.055350147718568776, 0.05560143476810144, 0.05976456456456457, 0.05223723723723724, 0.04353863478863478, -0.013849719284501892], [0.05673652759387631, 0.03483483483483484, 0.05346257188362452, 0.05388304971638306, 0.05223723723723724, 0.07187687687687688, 0.05279943404943407, -0.03354253462949115], [0.04592881231930224, 0.03602159852159852, 0.044230582186047786, 0.04121348913015579, 0.04353863478863478, 0.05279943404943407, 0.061660958295573706, -0.031540833171267955], [-0.024853286725232588, -0.01502243350069437, -0.025012106247804183, -0.02369892949603094, -0.013849719284501892, -0.03354253462949115, -0.031540833171267955, 0.08012867653699408]], [[0.06584920011241961, 0.027030272347275227, 0.06400876077047774, 0.05816010535030708, 0.058757734679924865, 0.05673652759387631, 0.06144190801501915, -0.024853286725232588], [0.027030272347275227, 0.04842342342342342, 0.02703006650375071, 0.020020020020020016, 0.024512012012012006, 0.03483483483483484, 0.02882230056143099, -0.01502243350069437], [0.06400876077047774, 0.02703006650375071, 0.06320184532415514, 0.05354004476811494, 0.055350147718568776, 0.05346257188362452, 0.05940868698305768, -0.025012106247804183], [0.05816010535030708, 0.020020020020020016, 0.05354004476811494, 0.0661772883995106, 0.05560143476810144, 0.05388304971638306, 0.055586383484934186, -0.02369892949603094], [0.058757734679924865, 0.024512012012012006, 0.055350147718568776, 0.05560143476810144, 0.05976456456456457, 0.05223723723723724, 0.05689450319885103, -0.013849719284501892], [0.05673652759387631, 0.03483483483483484, 0.05346257188362452, 0.05388304971638306, 0.05223723723723724, 0.07187687687687688, 0.06652304478391434, -0.03354253462949115], [0.06144190801501915, 0.02882230056143099, 0.05940868698305768, 0.055586383484934186, 0.05689450319885103, 0.06652304478391434, 0.08684085787110359, -0.0333795730771156], [-0.024853286725232588, -0.01502243350069437, -0.025012106247804183, -0.02369892949603094, -0.013849719284501892, -0.03354253462949115, -0.0333795730771156, 0.08012867653699408]], [[0.06584920011241961, 0.027030272347275227, 0.06400876077047774, 0.05816010535030708, 0.058757734679924865, 0.05673652759387631, 0.020451028774501494, -0.024853286725232588], [0.027030272347275227, 0.04842342342342342, 0.02703006650375071, 0.020020020020020016, 0.024512012012012006, 0.03483483483483484, 0.021094178378946584, -0.01502243350069437], [0.06400876077047774, 0.02703006650375071, 0.06320184532415514, 0.05354004476811494, 0.055350147718568776, 0.05346257188362452, 0.01852465737965912, -0.025012106247804183], [0.05816010535030708, 0.020020020020020016, 0.05354004476811494, 0.0661772883995106, 0.05560143476810144, 0.05388304971638306, 0.017411776724690634, -0.02369892949603094], [0.058757734679924865, 0.024512012012012006, 0.055350147718568776, 0.05560143476810144, 0.05976456456456457, 0.05223723723723724, 0.025553893534025984, -0.013849719284501892], [0.05673652759387631, 0.03483483483483484, 0.05346257188362452, 0.05388304971638306, 0.05223723723723724, 0.07187687687687688, 0.023621645237953185, -0.03354253462949115], [0.020451028774501494, 0.021094178378946584, 0.01852465737965912, 0.017411776724690634, 0.025553893534025984, 0.023621645237953185, 0.037437649926352644, 0.01774099302352973], [-0.024853286725232588, -0.01502243350069437, -0.025012106247804183, -0.02369892949603094, -0.013849719284501892, -0.03354253462949115, 0.01774099302352973, 0.08012867653699408]], [[0.06584920011241961, 0.027030272347275227, 0.06400876077047774, 0.05816010535030708, 0.058757734679924865, 0.05673652759387631, 0.01847774214755749, -0.024853286725232588], [0.027030272347275227, 0.04842342342342342, 0.02703006650375071, 0.020020020020020016, 0.024512012012012006, 0.03483483483483484, 0.019683208340615748, -0.01502243350069437], [0.06400876077047774, 0.02703006650375071, 0.06320184532415514, 0.05354004476811494, 0.055350147718568776, 0.05346257188362452, 0.016478280935720825, -0.025012106247804183], [0.05816010535030708, 0.020020020020020016, 0.05354004476811494, 0.0661772883995106, 0.05560143476810144, 0.05388304971638306, 0.016327798992408042, -0.02369892949603094], [0.058757734679924865, 0.024512012012012006, 0.055350147718568776, 0.05560143476810144, 0.05976456456456457, 0.05223723723723724, 0.024026707483497604, -0.013849719284501892], [0.05673652759387631, 0.03483483483483484, 0.05346257188362452, 0.05388304971638306, 0.05223723723723724, 0.07187687687687688, 0.022546295192900127, -0.03354253462949115], [0.01847774214755749, 0.019683208340615748, 0.016478280935720825, 0.016327798992408042, 0.024026707483497604, 0.022546295192900127, 0.034512317545718374, 0.019918235430849487], [-0.024853286725232588, -0.01502243350069437, -0.025012106247804183, -0.02369892949603094, -0.013849719284501892, -0.03354253462949115, 0.019918235430849487, 0.08012867653699408]], [[0.06584920011241961, 0.027030272347275227, 0.06400876077047774, 0.05816010535030708, 0.058757734679924865, 0.05673652759387631, 0.026261349170470898, -0.024853286725232588], [0.027030272347275227, 0.04842342342342342, 0.02703006650375071, 0.020020020020020016, 0.024512012012012006, 0.03483483483483484, 0.027496565598169875, -0.01502243350069437], [0.06400876077047774, 0.02703006650375071, 0.06320184532415514, 0.05354004476811494, 0.055350147718568776, 0.05346257188362452, 0.02474040371591737, -0.025012106247804183], [0.05816010535030708, 0.020020020020020016, 0.05354004476811494, 0.0661772883995106, 0.05560143476810144, 0.05388304971638306, 0.021512437733471602, -0.02369892949603094], [0.058757734679924865, 0.024512012012012006, 0.055350147718568776, 0.05560143476810144, 0.05976456456456457, 0.05223723723723724, 0.03534646946411652, -0.013849719284501892], [0.05673652759387631, 0.03483483483483484, 0.05346257188362452, 0.05388304971638306, 0.05223723723723724, 0.07187687687687688, 0.02868044880076966, -0.03354253462949115], [0.026261349170470898, 0.027496565598169875, 0.02474040371591737, 0.021512437733471602, 0.03534646946411652, 0.02868044880076966, 0.07144298706305574, 0.016469701796581374], [-0.024853286725232588, -0.01502243350069437, -0.025012106247804183, -0.02369892949603094, -0.013849719284501892, -0.03354253462949115, 0.016469701796581374, 0.08012867653699408]], [[0.06584920011241961, 0.027030272347275227, 0.06400876077047774, 0.05816010535030708, 0.058757734679924865, 0.05673652759387631, 0.012706863123129531, -0.024853286725232588], [0.027030272347275227, 0.04842342342342342, 0.02703006650375071, 0.020020020020020016, 0.024512012012012006, 0.03483483483483484, 0.012173284395506615, -0.01502243350069437], [0.06400876077047774, 0.02703006650375071, 0.06320184532415514, 0.05354004476811494, 0.055350147718568776, 0.05346257188362452, 0.013578220595764452, -0.025012106247804183], [0.05816010535030708, 0.020020020020020016, 0.05354004476811494, 0.0661772883995106, 0.05560143476810144, 0.05388304971638306, 0.004899961690085144, -0.02369892949603094], [0.058757734679924865, 0.024512012012012006, 0.055350147718568776, 0.05560143476810144, 0.05976456456456457, 0.05223723723723724, 0.02024724724724725, -0.013849719284501892], [0.05673652759387631, 0.03483483483483484, 0.05346257188362452, 0.05388304971638306, 0.05223723723723724, 0.07187687687687688, 0.00410549438327216, -0.03354253462949115], [0.012706863123129531, 0.012173284395506615, 0.013578220595764452, 0.004899961690085144, 0.02024724724724725, 0.00410549438327216, 0.09422360632237177, 0.040449408565350585], [-0.024853286725232588, -0.01502243350069437, -0.025012106247804183, -0.02369892949603094, -0.013849719284501892, -0.03354253462949115, 0.040449408565350585, 0.08012867653699408]], [[0.06584920011241961, 0.027030272347275227, 0.06400876077047774, 0.05816010535030708, 0.058757734679924865, 0.05673652759387631, 0.012624950690754496, -0.024853286725232588], [0.027030272347275227, 0.04842342342342342, 0.02703006650375071, 0.020020020020020016, 0.024512012012012006, 0.03483483483483484, 0.018381455660607605, -0.01502243350069437], [0.06400876077047774, 0.02703006650375071, 0.06320184532415514, 0.05354004476811494, 0.055350147718568776, 0.05346257188362452, 0.010380002754933011, -0.025012106247804183], [0.05816010535030708, 0.020020020020020016, 0.05354004476811494, 0.0661772883995106, 0.05560143476810144, 0.05388304971638306, 0.012093463703200647, -0.02369892949603094], [0.058757734679924865, 0.024512012012012006, 0.055350147718568776, 0.05560143476810144, 0.05976456456456457, 0.05223723723723724, 0.022864419189507525, -0.013849719284501892], [0.05673652759387631, 0.03483483483483484, 0.05346257188362452, 0.05388304971638306, 0.05223723723723724, 0.07187687687687688, 0.01202275597151923, -0.03354253462949115], [0.012624950690754496, 0.018381455660607605, 0.010380002754933011, 0.012093463703200647, 0.022864419189507525, 0.01202275597151923, 0.056203164669995316, 0.02639713555368801], [-0.024853286725232588, -0.01502243350069437, -0.025012106247804183, -0.02369892949603094, -0.013849719284501892, -0.03354253462949115, 0.02639713555368801, 0.08012867653699408]], [[0.06584920011241961, 0.027030272347275227, 0.06400876077047774, 0.05816010535030708, 0.058757734679924865, 0.05673652759387631, 0.021658864322875167, -0.024853286725232588], [0.027030272347275227, 0.04842342342342342, 0.02703006650375071, 0.020020020020020016, 0.024512012012012006, 0.03483483483483484, 0.01785609138550315, -0.01502243350069437], [0.06400876077047774, 0.02703006650375071, 0.06320184532415514, 0.05354004476811494, 0.055350147718568776, 0.05346257188362452, 0.02066242236520874, -0.025012106247804183], [0.05816010535030708, 0.020020020020020016, 0.05354004476811494, 0.0661772883995106, 0.05560143476810144, 0.05388304971638306, 0.020065817451438366, -0.02369892949603094], [0.058757734679924865, 0.024512012012012006, 0.055350147718568776, 0.05560143476810144, 0.05976456456456457, 0.05223723723723724, 0.0229291055761644, -0.013849719284501892], [0.05673652759387631, 0.03483483483483484, 0.05346257188362452, 0.05388304971638306, 0.05223723723723724, 0.07187687687687688, 0.0344320423364541, -0.03354253462949115], [0.021658864322875167, 0.01785609138550315, 0.02066242236520874, 0.020065817451438366, 0.0229291055761644, 0.0344320423364541, 0.03919786279936222, -0.015299797588800141], [-0.024853286725232588, -0.01502243350069437, -0.025012106247804183, -0.02369892949603094, -0.013849719284501892, -0.03354253462949115, -0.015299797588800141, 0.08012867653699408]], [[0.06584920011241961, 0.027030272347275227, 0.06400876077047774, 0.05816010535030708, 0.058757734679924865, 0.05673652759387631, 0.028448039109039362, -0.024853286725232588], [0.027030272347275227, 0.04842342342342342, 0.02703006650375071, 0.020020020020020016, 0.024512012012012006, 0.03483483483483484, 0.02133937735203557, -0.01502243350069437], [0.06400876077047774, 0.02703006650375071, 0.06320184532415514, 0.05354004476811494, 0.055350147718568776, 0.05346257188362452, 0.025804965012160206, -0.025012106247804183], [0.05816010535030708, 0.020020020020020016, 0.05354004476811494, 0.0661772883995106, 0.05560143476810144, 0.05388304971638306, 0.02876927560471864, -0.02369892949603094], [0.058757734679924865, 0.024512012012012006, 0.055350147718568776, 0.05560143476810144, 0.05976456456456457, 0.05223723723723724, 0.036373145297195916, -0.013849719284501892], [0.05673652759387631, 0.03483483483483484, 0.05346257188362452, 0.05388304971638306, 0.05223723723723724, 0.07187687687687688, 0.028259430316392335, -0.03354253462949115], [0.028448039109039362, 0.02133937735203557, 0.025804965012160206, 0.02876927560471864, 0.036373145297195916, 0.028259430316392335, 0.05107815715090188, -0.001412379508141755], [-0.024853286725232588, -0.01502243350069437, -0.025012106247804183, -0.02369892949603094, -0.013849719284501892, -0.03354253462949115, -0.001412379508141755, 0.08012867653699408]], [[0.06584920011241961, 0.027030272347275227, 0.06400876077047774, 0.05816010535030708, 0.058757734679924865, 0.05673652759387631, 0.030153867329659828, -0.024853286725232588], [0.027030272347275227, 0.04842342342342342, 0.02703006650375071, 0.020020020020020016, 0.024512012012012006, 0.03483483483483484, 0.015193765193765193, -0.01502243350069437], [0.06400876077047774, 0.02703006650375071, 0.06320184532415514, 0.05354004476811494, 0.055350147718568776, 0.05346257188362452, 0.029489871595134748, -0.025012106247804183], [0.05816010535030708, 0.020020020020020016, 0.05354004476811494, 0.0661772883995106, 0.05560143476810144, 0.05388304971638306, 0.021821424599202378, -0.02369892949603094], [0.058757734679924865, 0.024512012012012006, 0.055350147718568776, 0.05560143476810144, 0.05976456456456457, 0.05223723723723724, 0.02744029744029744, -0.013849719284501892], [0.05673652759387631, 0.03483483483483484, 0.05346257188362452, 0.05388304971638306, 0.05223723723723724, 0.07187687687687688, 0.03036786786786786, -0.03354253462949115], [0.030153867329659828, 0.015193765193765193, 0.029489871595134748, 0.021821424599202378, 0.02744029744029744, 0.03036786786786786, 0.041003588622636256, 0.0038498408063625416], [-0.024853286725232588, -0.01502243350069437, -0.025012106247804183, -0.02369892949603094, -0.013849719284501892, -0.03354253462949115, 0.0038498408063625416, 0.08012867653699408]], [[0.06584920011241961, 0.027030272347275227, 0.06400876077047774, 0.05816010535030708, 0.058757734679924865, 0.05673652759387631, 0.021844073791114915, -0.024853286725232588], [0.027030272347275227, 0.04842342342342342, 0.02703006650375071, 0.020020020020020016, 0.024512012012012006, 0.03483483483483484, 0.01548137472652708, -0.01502243350069437], [0.06400876077047774, 0.02703006650375071, 0.06320184532415514, 0.05354004476811494, 0.055350147718568776, 0.05346257188362452, 0.02137462751254849, -0.025012106247804183], [0.05816010535030708, 0.020020020020020016, 0.05354004476811494, 0.0661772883995106, 0.05560143476810144, 0.05388304971638306, 0.01640797075930963, -0.02369892949603094], [0.058757734679924865, 0.024512012012012006, 0.055350147718568776, 0.05560143476810144, 0.05976456456456457, 0.05223723723723724, 0.026180321595834062, -0.013849719284501892], [0.05673652759387631, 0.03483483483483484, 0.05346257188362452, 0.05388304971638306, 0.05223723723723724, 0.07187687687687688, 0.020830057897232416, -0.03354253462949115], [0.021844073791114915, 0.01548137472652708, 0.02137462751254849, 0.01640797075930963, 0.026180321595834062, 0.020830057897232416, 0.04554332668470068, 0.02023499033615858], [-0.024853286725232588, -0.01502243350069437, -0.025012106247804183, -0.02369892949603094, -0.013849719284501892, -0.03354253462949115, 0.02023499033615858, 0.08012867653699408]], [[0.06584920011241961, 0.027030272347275227, 0.06400876077047774, 0.05816010535030708, 0.058757734679924865, 0.05673652759387631, -0.005419527465636974, -0.024853286725232588], [0.027030272347275227, 0.04842342342342342, 0.02703006650375071, 0.020020020020020016, 0.024512012012012006, 0.03483483483483484, -0.0036923286923286913, -0.01502243350069437], [0.06400876077047774, 0.02703006650375071, 0.06320184532415514, 0.05354004476811494, 0.055350147718568776, 0.05346257188362452, -0.005549089759616076, -0.025012106247804183], [0.05816010535030708, 0.020020020020020016, 0.05354004476811494, 0.0661772883995106, 0.05560143476810144, 0.05388304971638306, -0.004973154973154969, -0.02369892949603094], [0.058757734679924865, 0.024512012012012006, 0.055350147718568776, 0.05560143476810144, 0.05976456456456457, 0.05223723723723724, -0.0037717717717717716, -0.013849719284501892], [0.05673652759387631, 0.03483483483483484, 0.05346257188362452, 0.05388304971638306, 0.05223723723723724, 0.07187687687687688, -0.002027027027027032, -0.03354253462949115], [-0.005419527465636974, -0.0036923286923286913, -0.005549089759616076, -0.004973154973154969, -0.0037717717717717716, -0.002027027027027032, 0.03987789442334896, 0.010973531922148522], [-0.024853286725232588, -0.01502243350069437, -0.025012106247804183, -0.02369892949603094, -0.013849719284501892, -0.03354253462949115, 0.010973531922148522, 0.08012867653699408]], [[0.06584920011241961, 0.027030272347275227, 0.06400876077047774, 0.05816010535030708, 0.058757734679924865, 0.05673652759387631, 0.0200436501187074, -0.024853286725232588], [0.027030272347275227, 0.04842342342342342, 0.02703006650375071, 0.020020020020020016, 0.024512012012012006, 0.03483483483483484, 0.027078621398396986, -0.01502243350069437], [0.06400876077047774, 0.02703006650375071, 0.06320184532415514, 0.05354004476811494, 0.055350147718568776, 0.05346257188362452, 0.01984625687290484, -0.025012106247804183], [0.05816010535030708, 0.020020020020020016, 0.05354004476811494, 0.0661772883995106, 0.05560143476810144, 0.05388304971638306, 0.014478070871245245, -0.02369892949603094], [0.058757734679924865, 0.024512012012012006, 0.055350147718568776, 0.05560143476810144, 0.05976456456456457, 0.05223723723723724, 0.025194036954205256, -0.013849719284501892], [0.05673652759387631, 0.03483483483483484, 0.05346257188362452, 0.05388304971638306, 0.05223723723723724, 0.07187687687687688, 0.026498658546344374, -0.03354253462949115], [0.0200436501187074, 0.027078621398396986, 0.01984625687290484, 0.014478070871245245, 0.025194036954205256, 0.026498658546344374, 0.05871367099530106, -0.008084904999350998], [-0.024853286725232588, -0.01502243350069437, -0.025012106247804183, -0.02369892949603094, -0.013849719284501892, -0.03354253462949115, -0.008084904999350998, 0.08012867653699408]], [[0.06584920011241961, 0.027030272347275227, 0.06400876077047774, 0.05816010535030708, 0.058757734679924865, 0.05673652759387631, -0.036022641755317615, -0.024853286725232588], [0.027030272347275227, 0.04842342342342342, 0.02703006650375071, 0.020020020020020016, 0.024512012012012006, 0.03483483483483484, -0.010998524602488438, -0.01502243350069437], [0.06400876077047774, 0.02703006650375071, 0.06320184532415514, 0.05354004476811494, 0.055350147718568776, 0.05346257188362452, -0.03638251630254413, -0.025012106247804183], [0.05816010535030708, 0.020020020020020016, 0.05354004476811494, 0.0661772883995106, 0.05560143476810144, 0.05388304971638306, -0.028841805412273658, -0.02369892949603094], [0.058757734679924865, 0.024512012012012006, 0.055350147718568776, 0.05560143476810144, 0.05976456456456457, 0.05223723723723724, -0.023917984396078965, -0.013849719284501892], [0.05673652759387631, 0.03483483483483484, 0.05346257188362452, 0.05388304971638306, 0.05223723723723724, 0.07187687687687688, -0.025521596875039153, -0.03354253462949115], [-0.036022641755317615, -0.010998524602488438, -0.03638251630254413, -0.028841805412273658, -0.023917984396078965, -0.025521596875039153, 0.07830578492503423, 0.05925862010702064], [-0.024853286725232588, -0.01502243350069437, -0.025012106247804183, -0.02369892949603094, -0.013849719284501892, -0.03354253462949115, 0.05925862010702064, 0.08012867653699408]], [[0.06584920011241961, 0.027030272347275227, 0.06400876077047774, 0.05816010535030708, 0.058757734679924865, 0.05673652759387631, -0.03522603621615164, -0.024853286725232588], [0.027030272347275227, 0.04842342342342342, 0.02703006650375071, 0.020020020020020016, 0.024512012012012006, 0.03483483483483484, -0.01201081119507223, -0.01502243350069437], [0.06400876077047774, 0.02703006650375071, 0.06320184532415514, 0.05354004476811494, 0.055350147718568776, 0.05346257188362452, -0.034557732178704, -0.025012106247804183], [0.05816010535030708, 0.020020020020020016, 0.05354004476811494, 0.0661772883995106, 0.05560143476810144, 0.05388304971638306, -0.03142431192121956, -0.02369892949603094], [0.058757734679924865, 0.024512012012012006, 0.055350147718568776, 0.05560143476810144, 0.05976456456456457, 0.05223723723723724, -0.028634094747338502, -0.013849719284501892], [0.05673652759387631, 0.03483483483483484, 0.05346257188362452, 0.05388304971638306, 0.05223723723723724, 0.07187687687687688, -0.02913210715513978, -0.03354253462949115], [-0.03522603621615164, -0.01201081119507223, -0.034557732178704, -0.03142431192121956, -0.028634094747338502, -0.02913210715513978, 0.08072966442372685, 0.06262803508902147], [-0.024853286725232588, -0.01502243350069437, -0.025012106247804183, -0.02369892949603094, -0.013849719284501892, -0.03354253462949115, 0.06262803508902147, 0.08012867653699408]], [[0.06584920011241961, 0.027030272347275227, 0.06400876077047774, 0.05816010535030708, 0.058757734679924865, 0.05673652759387631, -0.0396283618869251, -0.024853286725232588], [0.027030272347275227, 0.04842342342342342, 0.02703006650375071, 0.020020020020020016, 0.024512012012012006, 0.03483483483483484, -0.017083459956147663, -0.01502243350069437], [0.06400876077047774, 0.02703006650375071, 0.06320184532415514, 0.05354004476811494, 0.055350147718568776, 0.05346257188362452, -0.04027561326685087, -0.025012106247804183], [0.05816010535030708, 0.020020020020020016, 0.05354004476811494, 0.0661772883995106, 0.05560143476810144, 0.05388304971638306, -0.029634594696255925, -0.02369892949603094], [0.058757734679924865, 0.024512012012012006, 0.055350147718568776, 0.05560143476810144, 0.05976456456456457, 0.05223723723723724, -0.02541929306891222, -0.013849719284501892], [0.05673652759387631, 0.03483483483483484, 0.05346257188362452, 0.05388304971638306, 0.05223723723723724, 0.07187687687687688, -0.029601513918706517, -0.03354253462949115], [-0.0396283618869251, -0.017083459956147663, -0.04027561326685087, -0.029634594696255925, -0.02541929306891222, -0.029601513918706517, 0.08383338611232156, 0.05466895368489729], [-0.024853286725232588, -0.01502243350069437, -0.025012106247804183, -0.02369892949603094, -0.013849719284501892, -0.03354253462949115, 0.05466895368489729, 0.08012867653699408]], [[0.06584920011241961, 0.027030272347275227, 0.06400876077047774, 0.05816010535030708, 0.058757734679924865, 0.05673652759387631, -0.015619509999913454, -0.024853286725232588], [0.027030272347275227, 0.04842342342342342, 0.02703006650375071, 0.020020020020020016, 0.024512012012012006, 0.03483483483483484, 0.003683037876586265, -0.01502243350069437], [0.06400876077047774, 0.02703006650375071, 0.06320184532415514, 0.05354004476811494, 0.055350147718568776, 0.05346257188362452, -0.017536509998309656, -0.025012106247804183], [0.05816010535030708, 0.020020020020020016, 0.05354004476811494, 0.0661772883995106, 0.05560143476810144, 0.05388304971638306, -0.008480631168803212, -0.02369892949603094], [0.058757734679924865, 0.024512012012012006, 0.055350147718568776, 0.05560143476810144, 0.05976456456456457, 0.05223723723723724, -0.0008420226678291194, -0.013849719284501892], [0.05673652759387631, 0.03483483483483484, 0.05346257188362452, 0.05388304971638306, 0.05223723723723724, 0.07187687687687688, -0.0008603603603603578, -0.03354253462949115], [-0.015619509999913454, 0.003683037876586265, -0.017536509998309656, -0.008480631168803212, -0.0008420226678291194, -0.0008603603603603578, 0.06656997309484303, 0.028784383005981885], [-0.024853286725232588, -0.01502243350069437, -0.025012106247804183, -0.02369892949603094, -0.013849719284501892, -0.03354253462949115, 0.028784383005981885, 0.08012867653699408]], [[0.06584920011241961, 0.027030272347275227, 0.06400876077047774, 0.05816010535030708, 0.058757734679924865, 0.05673652759387631, 0.003089988680766776, -0.024853286725232588], [0.027030272347275227, 0.04842342342342342, 0.02703006650375071, 0.020020020020020016, 0.024512012012012006, 0.03483483483483484, -0.008470008470008469, -0.01502243350069437], [0.06400876077047774, 0.02703006650375071, 0.06320184532415514, 0.05354004476811494, 0.055350147718568776, 0.05346257188362452, 0.0023627645085134968, -0.025012106247804183], [0.05816010535030708, 0.020020020020020016, 0.05354004476811494, 0.0661772883995106, 0.05560143476810144, 0.05388304971638306, 0.0043697543697543695, -0.02369892949603094], [0.058757734679924865, 0.024512012012012006, 0.055350147718568776, 0.05560143476810144, 0.05976456456456457, 0.05223723723723724, 0.006695